[14, 50, 70]
[400, 672, 1120]
[2634.198473898952, 4959.262885549015, 9157.266914859963]
[0.6012499575604215, 0.05057972131304859, 0.0010492878337221444]
[1, 1, 1]
[0.9369146928798039, 0.8955869907338783, 0.8348931673187264]
[0.6767263388387882, 0.07112577357411179, 0.002181674071985352]
[0.9752977125970467, 0.9578907814534664, 0.9314288037569908]
[0.9723099351005662, 0.8289448907917752, 0.6184779149387623]
[25, 42, 70]
[1125, 1935, 3195]
[4458.980634278726, 8183.958503222752, 14425.113066112084]
[0.5727024205169959, 0.04170223911539, 0.0006920245763916698]
[1, 1, 1]
[0.9369146928798039, 0.8955869907338783, 0.8348931673187264]
[0.6767263388387882, 0.07112577357411179, 0.002181674071985352]
[0.9512056281970315, 0.9175547491935327, 0.8675596164681794]
[0.9496016874482346, 0.7134977491952192, 0.43792668827180015]
[100, 172, 284]
