[1, 2, 3, 4]
[14, 50, 70]
[384, 656, 1120]
[2506.0551974107043, 4769.290218377143, 9196.67721805331]
[0.6020609730519041, 0.05092947441058907, 0.0010473465189376739]
[1, 1, 1]
[0.9369146928798039, 0.8955869907338783, 0.8348931673187264]
[0.6767263388387882, 0.07112577357411179, 0.002181674071985352]
[0.9752977125970467, 0.9578907814534664, 0.9314288037569908]
[0.9736214668686325, 0.8346769516991569, 0.6173336528196828]
[24, 41, 70]
[14, 50, 70]
[208, 352, 576]
[1391.8538472058688, 2611.0150336050788, 4754.720720582339]
[0.6082733863721875, 0.05473989198462682, 0.0012910082094602648]
[1, 1, 1]
[0.9369146928798039, 0.8955869907338783, 0.8348931673187264]
[0.6767263388387882, 0.07112577357411179, 0.002181674071985352]
[0.9752977125970467, 0.9578907814534665, 0.9314288037569908]
[0.9836678562551225, 0.8971254211209707, 0.7609542776488961]
[13, 22, 36]
[14, 50, 70]
[208, 352, 576]
[1391.8538472058688, 2606.4561452352805, 4722.182474747815]
[0.6085462703856763, 0.054748229122532, 0.0012920088681209472]
[1, 1, 1]
[0.9369146928798039, 0.8955869907338783, 0.8348931673187264]
[0.6767263388387882, 0.07112577357411179, 0.002181674071985352]
[0.9752977125970468, 0.9578907814534664, 0.9314288037569908]
[0.9841091499868043, 0.8972620574584379, 0.7615440922470783]
[13, 22, 36]
[14, 50, 70]
[208, 352, 576]
[1391.8538472058688, 2590.8552622060456, 4789.166334235991]
[0.608455296419629, 0.054776768896225285, 0.001288926504308025]
[1, 1, 1]
[0.9369146928798039, 0.8955869907338783, 0.8348931673187264]
[0.6767263388387882, 0.07112577357411179, 0.002181674071985352]
[0.9752977125970467, 0.9578907814534664, 0.9314288037569908]
[0.9839620316545515, 0.8977297923326769, 0.7597272657454915]
[13, 22, 36]
