[14, 50, 70]
[416, 704, 1152]
[4866.110228961508, 8551.850786967658, 14790.37395980745]
[0.9055027983213598, 0.8424438388487446, 0.7545548434798075]
[1, 1, 1]
[0.9369146928798039, 0.8955869907338783, 0.8348931673187264]
[1.0, 1.0, 1.0]
[0.9743224148844496, 0.9569328906720129, 0.9304973749532338]
[0.9919437678651362, 0.9829958856944814, 0.9712806842716649]
[26, 44, 72]
[384, 640, 1136]
[2528.348070076573, 4758.166837165692, 9317.123060593705]
[0.6019354768650347, 0.05097570766956887, 0.0010406526318169815]
[1, 1, 1]
[0.9369146928798039, 0.8955869907338783, 0.8348931673187264]
[0.6767263388387882, 0.07112577357411179, 0.002181674071985352]
[0.9752977125970467, 0.9578907814534664, 0.9314288037569908]
[0.9734185210093006, 0.8354346629482711, 0.613388099258316]
[24, 40, 71]
