[6, 10, 20, 30, 40, 50, 60, 80, 100]
[240, 272, 384, 608, 832, 896, 1040, 1328, 1616]
[1451.6935004677084, 2022.7166294115032, 2990.4554827556885, 5508.185643964559, 8166.750470117794, 8686.992568154228, 11400.462559097343, 16418.75842459675, 20094.112219555467]
[0.9360322651513171, 0.8945373833761717, 0.7935825197861656, 0.6825269651353235, 0.5709389253422983, 0.4854933964179338, 0.385648215478713, 0.2362652500068951, 0.1406275352214696]
[1, 1, 1, 1, 1, 1, 1, 1, 1]
[0.9558895783575598, 0.9275689688183278, 0.860384191914696, 0.798065677681905, 0.7402609576967044, 0.6866430931872, 0.6369088258938782, 0.5479862854900421, 0.47147873742168583]
[1.0, 1.0, 1.0, 1.0, 1.0, 1.0, 1.0, 1.0, 1.0]
[0.9831353223738245, 0.9743224148844496, 0.9531108968798945, 0.932361164921913, 0.9056978449586683, 0.8877549425285931, 0.870167509363911, 0.8235779600286186, 0.7865334084168157]
[0.9960239756989776, 0.9898048778129199, 0.9677345262943075, 0.9172696090052467, 0.8515721978273041, 0.7964512024410115, 0.6958428924035697, 0.5235105579572168, 0.37921986462734697]
[15, 17, 24, 38, 52, 56, 65, 83, 101]
[176, 240, 304, 544, 544, 672, 832, 1040, 1088]
[1133.536882556888, 1579.5764689035107, 2132.037478001558, 4408.1430036831025, 4756.381603207157, 6161.32290059656, 7988.758127567378, 11893.613256198458, 12735.350455838425]
[0.9265751148316554, 0.877074010697013, 0.7629530466391894, 0.6323810676455549, 0.5375865945441419, 0.43805792434302654, 0.3426685683241071, 0.1922538223231423, 0.12086223139033934]
[1, 1, 1, 1, 1, 1, 1, 1, 1]
[0.9558895783575598, 0.9275689688183277, 0.8603841919146961, 0.7980656776819048, 0.7402609576967045, 0.6866430931872, 0.636908825893878, 0.5479862854900422, 0.47147873742168583]
[0.9850934380853521, 0.9752793831785673, 0.9511698752531668, 0.9276563692349433, 0.9047241315891249, 0.8823587930030066, 0.8605463393821574, 0.8185257542796961, 0.7785570395897228]
[0.9890548353295385, 0.9811700348643991, 0.9626946373158062, 0.9426789411643328, 0.924003401238575, 0.9075119613694458, 0.889533119233942, 0.8554924148377159, 0.8293661352855807]
[0.9948900987908292, 0.9881359756403669, 0.9684088495183029, 0.9061274558206814, 0.8687080410535446, 0.796714844757862, 0.7028467144462077, 0.5010219830907495, 0.3970011474918738]
[11, 15, 19, 34, 34, 42, 52, 65, 68]
