[5, 10, 20, 30, 50]
[80, 352, 1296, 2512, 6832]
[446.4692140364952, 2424.7764399383523, 10486.994517225705, 22879.690112287055, 70372.01204572238]
[0.9547974124679187, 0.8223575667740303, 0.3942104323266543, 0.11140595947269974, 0.0004097617492114081]
[1, 1, 1, 1, 1]
[0.9801495006250001, 0.895586990733878, 0.6242658676435396, 0.3632974174544485, 0.048190768399801256]
[0.9826307044901388, 0.9607413206691363, 0.835081983010753, 0.6599972463233834, 0.25880243236171224]
[0.993020965034979, 0.9733480924695651, 0.884209245738002, 0.7732687760416492, 0.45731115251953186]
[0.9983208978816985, 0.9819248806672063, 0.8552131251618957, 0.600860306566898, 0.07184348936968504]
[5, 22, 81, 157, 427]
[285, 1455, 6795, 13800, 41985]
[1027.630096605161, 5337.087253572488, 25973.578766696337, 54313.5166677413, 175760.43336901913]
[0.9457128338667266, 0.756609760840179, 0.23141890560920092, 0.02688401148687615, 4.5022640359435296e-07]
[1, 1, 1, 1, 1]
[0.9801495006250001, 0.895586990733878, 0.6242658676435396, 0.3632974174544485, 0.048190768399801256]
[0.9826307044901388, 0.9607413206691363, 0.835081983010753, 0.6599972463233834, 0.25880243236171224]
[0.986090636999001, 0.9193926150309799, 0.6878481863585393, 0.4482512994620044, 0.0893487698471441]
[0.9957717335939222, 0.956437691592405, 0.6453681597652565, 0.25013132338422533, 0.00040402680414656535]
[26, 134, 631, 1289, 3936]
