[5, 10, 20, 30, 50]
[96, 416, 1376, 2816, 7424]
[885.8818251703641, 4714.634516899438, 15469.325890486572, 35235.6904510947, 109527.37964032142]
[0.9710075958264691, 0.8478479993169709, 0.46650564373207487, 0.15730660584004763, 0.0010664639999223356]
[1, 1, 1, 1, 1]
[0.9801495006250001, 0.8955869907338782, 0.6242658676435396, 0.3632974174544487, 0.04819076839980127]
[1.0, 1.0, 1.0, 1.0, 1.0]
[0.993020965034979, 0.9675225846837673, 0.882441711455772, 0.7678721062162946, 0.46283472370715456]
[0.997635481480544, 0.9784735983977808, 0.8468398446530568, 0.5638917727365138, 0.04781414724212026]
[6, 26, 86, 176, 464]
[112, 336, 1312, 2592, 7120]
[572.8533510976391, 2249.8366443847162, 10108.575882996382, 25372.7848524008, 79525.84553411072]
[0.9542932669803496, 0.8234068852029497, 0.3961347582361749, 0.10571977266580528, 0.0002937482722240633]
[1, 1, 1, 1, 1]
[0.9801495006250001, 0.895586990733878, 0.6242658676435396, 0.3632974174544485, 0.048190768399801256]
[0.9826307044901388, 0.9607413206691363, 0.835081983010753, 0.6599972463233834, 0.25880243236171224]
[0.993020965034979, 0.9733480924695651, 0.8842092457380023, 0.7732687760416495, 0.45731115251953225]
[0.9977937714261375, 0.9831778050819964, 0.8593878213138922, 0.5701922528635005, 0.05150285724206215]
[7, 21, 82, 162, 445]
