[18, 29, 63]
[6880, 13632, 28032]
[100757.6803442956, 223683.3715311182, 593558.7772930262]
[0.05394026160329956, 0.0005781052669327984, 1.6436102837689217e-12]
[1, 1, 1]
[0.21570623976979045, 0.03308985827710752, 0.00010073403935221315]
[1.0, 1.0, 1.0]
[0.45049929544903655, 0.1414260727971413, 0.0026933783724493445]
[0.5550808237182138, 0.12353287166687789, 6.057943691968146e-06]
[430, 852, 1752]
[4752, 9872, 22624]
[35970.98204011842, 88151.84723742299, 232278.05237249914]
[0.00464228612624949, 8.415362650176367e-07, 5.9845037851798284e-21]
[1, 1, 1]
[0.21570623976979025, 0.03308985827710756, 0.00010073403935221309]
[0.05346851220847845, 0.00048588387408589345, 1.4369314969672425e-10]
[0.6575663287622634, 0.3673277293461953, 0.04961301892243503]
[0.6121128968636952, 0.14249240915096192, 8.333360658439106e-06]
[297, 617, 1414]
