[1, 2, 3, 4]
[18, 29, 63]
[6880, 13712, 28384]
[118757.6803442956, 264557.9729717692, 638192.8558667568]
[0.05394026160329956, 0.0005793907229692666, 1.4705662073432271e-12]
[1, 1, 1]
[0.21570623976979045, 0.03308985827710752, 0.00010073403935221315]
[1.0, 1.0, 1.0]
[0.45049929544903655, 0.14142607279714156, 0.0026933783724493285]
[0.5550808237182138, 0.12380755533552672, 5.420145740977217e-06]
[430, 857, 1774]
[18, 29, 63]
[3792, 7360, 14880]
[68289.62222921374, 145496.48263253982, 340923.51436036424]
[0.06839638799939356, 0.0014594115764873605, 4.832679937213379e-10]
[1, 1, 1]
[0.21570623976979045, 0.03308985827710752, 0.00010073403935221315]
[1.0, 1.0, 1.0]
[0.45049929544903744, 0.1414260727971412, 0.0026933783724493393]
[0.7038438869516249, 0.3118554929345184, 0.0017812070920979247]
[237, 460, 930]
[18, 29, 63]
[2720, 5312, 10608]
[49675.065507782645, 106091.55041970809, 245693.71492957688]
[0.07537046497268983, 0.0019720984296108792, 2.868122080040103e-09]
[1, 1, 1]
[0.21570623976979045, 0.03308985827710752, 0.00010073403935221315]
[1.0, 1.0, 1.0]
[0.45049929544903755, 0.14142607279714137, 0.002693378372449337]
[0.7756117330084691, 0.421409380184546, 0.010571193326152441]
[170, 332, 663]
[18, 29, 63]
[2240, 4336, 8240]
[41166.17557993994, 87797.53468027356, 193265.34891829983]
[0.07835152958771514, 0.0023033607094221794, 6.687562110071428e-09]
[1, 1, 1]
[0.21570623976979045, 0.03308985827710752, 0.00010073403935221315]
[1.0, 1.0, 1.0]
[0.45049929544903766, 0.14142607279714106, 0.002693378372449331]
[0.8062888516000527, 0.492195416985633, 0.024648710889331706]
[140, 271, 515]
0, 1.0]
[0.9801888648295348, 0.9704309672630859, 0.9417362622231685, 0.9111511025165902, 0.8771602801771061, 0.8589229565610538, 0.8318592181943677, 0.7810441642583174]
[0.9950319027709944, 0.9859527294985044, 0.9435892785396218, 0.8764552273032634, 0.7999582078463725, 0.7241547779816305, 0.6438409182006297, 0.4558947243893686]
[9, 12, 21, 31, 38, 42, 44, 57]
[6, 10, 20, 30, 40, 50, 60, 80]
[144, 160, 240, 320, 416, 464, 512, 640]
[1708.1966914191548, 1912.8279820045323, 3640.184704383902, 5356.693807295585, 7670.212166674238, 8386.007590584963, 9626.980368426923, 12769.802026208163]
[0.9173073528004936, 0.8674395688582207, 0.7384376329647997, 0.613657009432521, 0.49338335241024794, 0.4027584936612238, 0.31985975106878173, 0.19183355490399537]
[1, 1, 1, 1, 1, 1, 1, 1]
[0.9416228069143759, 0.9046104802746175, 0.8183201210226742, 0.7402609576967045, 0.6696478204705641, 0.6057704364907279, 0.5479862854900421, 0.4484282034609771]
[1.0, 1.0, 1.0, 1.0, 1.0, 1.0, 1.0, 1.0]
[0.9801888648295347, 0.9704309672630859, 0.9417362622231685, 0.9111511025165904, 0.8771602801771062, 0.8589229565610543, 0.8318592181943681, 0.7810441642583174]
[0.9938667036777952, 0.9881274571247542, 0.9582113221114581, 0.9098094627001352, 0.839960907911802, 0.7740738976705943, 0.701681573430358, 0.5477168019860879]
[9, 10, 15, 20, 26, 29, 32, 40]
[6, 10, 20, 30, 40, 50, 60, 80]
[80, 128, 192, 272, 320, 368, 384, 448]
[970.4439350929558, 1812.8881544617896, 3030.1424719719084, 4544.89973326043, 6007.366504230507, 6968.888293929828, 7783.888423232085, 9654.906108460622]
[0.9195195156067648, 0.8678358250289682, 0.742425949164992, 0.6229305225905607, 0.5083147334307705, 0.4193573940284736, 0.3391437814721564, 0.21739935120111353]
[1, 1, 1, 1, 1, 1, 1, 1]
[0.9416228069143759, 0.9046104802746175, 0.8183201210226742, 0.7402609576967045, 0.6696478204705641, 0.6057704364907279, 0.5479862854900421, 0.4484282034609771]
[1.0, 1.0, 1.0, 1.0, 1.0, 1.0, 1.0, 1.0]
[0.9801888648295348, 0.9704309672630859, 0.9417362622231686, 0.9111511025165906, 0.8771602801771059, 0.858922956561054, 0.8318592181943685, 0.7810441642583176]
[0.9962634957121718, 0.9885788448829655, 0.9633866403354779, 0.9235583971928103, 0.8653808502286778, 0.8059758332139592, 0.7439852666906237, 0.6207114154419722]
[5, 8, 12, 17, 20, 23, 24, 28]
