[18, 29, 63]
[4544, 9632, 23632]
[32266.148875082738, 80038.26167531415, 246641.72903345]
[0.004871463382741175, 9.996881415754816e-07, 2.7374629771828134e-21]
[1, 1, 1]
[0.21570623976979025, 0.03308985827710756, 0.00010073403935221309]
[0.05346851220847845, 0.00048588387408589345, 1.4369314969672425e-10]
[0.6575663287622634, 0.367327729346195, 0.04961301892243493]
[0.64233127430777, 0.1692713405402119, 3.811889355719307e-06]
[284, 602, 1477]
[22125, 48645, 125715]
[86048.61686086038, 190505.00224947234, 500331.70896066085]
[0.0008945261547939865, 7.123778314456583e-09, 1.7583494013509185e-32]
[1, 1, 1]
[0.21570623976979025, 0.03308985827710756, 0.00010073403935221309]
[0.05346851220847845, 0.00048588387408589345, 1.4369314969672425e-10]
[0.29446020638879383, 0.06604896579725815, 0.0006453785919053296]
[0.263393845636258, 0.006708369592392999, 1.882254348485778e-15]
[2025, 4509, 11849]
