[1, 2, 3, 4]
[18, 29, 63]
[5040, 9376, 20816]
[36513.339004424095, 78146.62475674515, 202139.73597368604]
[0.004594979500154221, 1.04477147088702e-06, 2.9495966744472615e-20]
[1, 1, 1]
[0.21570623976979025, 0.03308985827710756, 0.00010073403935221309]
[0.05346851220847845, 0.00048588387408589345, 1.4369314969672425e-10]
[0.6575663287622635, 0.3673277293461949, 0.0496130189224349]
[0.6058752382721042, 0.17690503676126865, 4.1072833717596326e-05]
[315, 586, 1301]
[18, 29, 63]
[2816, 5664, 11760]
[22594.484515010416, 52216.31427084782, 126522.07860971394]
[0.005464310178579528, 1.7515588810676889e-06, 1.0553215188120351e-18]
[1, 1, 1]
[0.21570623976979025, 0.03308985827710756, 0.00010073403935221309]
[0.05346851220847845, 0.00048588387408589345, 1.4369314969672425e-10]
[0.657566328762264, 0.3673277293461946, 0.04961301892243499]
[0.7205016325597181, 0.29658121118270275, 0.0014695244823223323]
[176, 354, 735]
[18, 29, 63]
[2176, 4240, 8224]
[19651.88266690122, 42359.489716789096, 91680.71437245156]
[0.005675243576639334, 2.1242606184353154e-06, 5.327967576086702e-18]
[1, 1, 1]
[0.21570623976979025, 0.03308985827710756, 0.00010073403935221309]
[0.05346851220847845, 0.00048588387408589345, 1.4369314969672425e-10]
[0.6575663287622641, 0.36732772934619506, 0.04961301892243493]
[0.7483144493099866, 0.3596886144639493, 0.007419140664252417]
[136, 265, 514]
[18, 29, 63]
[1776, 3440, 6544]
[14906.330782709601, 32791.829355510585, 77295.12314694781]
[0.006017488101517082, 2.5976093407300483e-06, 1.0028717149805673e-17]
[1, 1, 1]
[0.21570623976979025, 0.03308985827710756, 0.00010073403935221309]
[0.05346851220847845, 0.00048588387408589345, 1.4369314969672425e-10]
[0.6575663287622641, 0.36732772934619484, 0.04961301892243495]
[0.7934414151758122, 0.4398379824854128, 0.013964886639016972]
[111, 215, 409]
70090558064034]
[0.8063243494447923, 0.18047896070519512, 0.00024594753327395884, 4.386849451787839e-11, 2.4022036749849675e-16]
[0.9474065091141413, 0.8393835224925515, 0.6681773581762533, 0.5377775894404447, 0.4354323744883374]
[0.9841779353243166, 0.8846906271559697, 0.5162593925067119, 0.15548433834443973, 0.02633922241179932]
[18, 60, 129, 234, 278]
[10, 20, 40, 60, 80]
[256, 832, 1264, 2656, 3488]
[1604.7026893947493, 6840.421241626373, 12822.703413234882, 28550.369608920577, 39252.456806657865]
[0.62559474009428, 0.06452660837991725, 0.0024226538047235537, 2.0186900140525572e-10, 1.0546121634833251e-17]
[1, 1, 1, 1, 1]
[0.8307187014821328, 0.6118738784280477, 0.33195389135223535, 0.1912566947289215, 0.1058620193627483]
[0.8063243494447923, 0.1405131653548666, 0.016487816616202352, 8.16598220832695e-09, 3.1174232037204304e-15]
[0.9474065091141411, 0.8444374977929301, 0.6892259490306525, 0.5502961455841107, 0.4478030481625441]
[0.985809415804865, 0.8887761622750657, 0.642227393099275, 0.23488110874945586, 0.07136245675220587]
[16, 52, 79, 166, 218]
