[10, 20, 40, 60, 80]
[720, 2064, 4800, 7248, 10304]
[4166.362282823444, 14572.018485214807, 40624.54603995222, 65189.72735374951, 106460.04841385712]
[0.5952403094020872, 0.07842487502478493, 2.3856827838294365e-05, 1.3128596098004383e-11, 1.0915614247929246e-20]
[1, 1, 1, 1, 1]
[0.8183201210226742, 0.6057704364907279, 0.33195389135223624, 0.1819061798760767, 0.09968209181797494]
[0.7982912927496738, 0.19165355383672694, 0.0003670944121223547, 2.5819298257722537e-09, 1.6419929554972158e-16]
[0.9407945259609453, 0.8427494672348416, 0.6668416716372597, 0.5410155784899072, 0.4319610832451598]
[0.9685296708679936, 0.8015495917961211, 0.293585381639534, 0.051667402515437805, 0.0015438856313365276]
[45, 129, 300, 453, 644]
[2835, 7725, 17715, 28380, 37410]
[10518.052592470021, 30071.346090886822, 75347.71279408061, 127176.35992462782, 172723.9909887425]
[0.5108458034645581, 0.046988746619894155, 3.94233690723519e-06, 1.7193864036159242e-13, 1.5166657652948877e-23]
[1, 1, 1, 1, 1]
[0.8183201210226742, 0.6057704364907279, 0.33195389135223624, 0.1819061798760767, 0.09968209181797494]
[0.7982912927496738, 0.19165355383672694, 0.0003670944121223547, 2.5819298257722537e-09, 1.6419929554972158e-16]
[0.8537822855004557, 0.671528291060571, 0.4154307717508703, 0.2569999334576918, 0.15898910309144562]
[0.9159211090490422, 0.6027047239882564, 0.07787526464898029, 0.0014244545254795723, 5.828195240040258e-06]
[264, 703, 1611, 2566, 3396]
