[10, 20, 40, 60, 80]
[928, 2672, 5552, 9152, 11600]
[8785.389654928706, 32878.68354056144, 83866.810651494, 143161.21418382073, 194382.97533960865]
[0.7412524210842747, 0.42376493583945096, 0.14003133343968752, 0.05036463274581023, 0.012293023501372255]
[1, 1, 1, 1, 1]
[0.8307187014821328, 0.6057704364907281, 0.3386767948568692, 0.18559023879528858, 0.09968209181797509]
[1.0, 1.0, 1.0, 1.0, 1.0]
[0.9314288037569909, 0.8202885863627757, 0.6413229363226729, 0.5177156014229376, 0.39358181724308744]
[0.9579933033251602, 0.8528060548031285, 0.6447079282670356, 0.5241786019817045, 0.3133332924703838]
[58, 167, 347, 572, 725]
[704, 1888, 4560, 8240, 10512]
[3873.21067401669, 13058.646098408693, 37188.13076458359, 74677.01473107326, 105867.77914365071]
[0.6158548877634983, 0.0838498683282816, 0.00012099078812440754, 1.4540923926368634e-13, 1.1260638614271533e-20]
[1, 1, 1, 1, 1]
[0.8307187014821328, 0.6057704364907281, 0.3386767948568692, 0.18559023879528855, 0.09968209181797505]
[0.8063243494447923, 0.2014924555781541, 0.0016156169221201405, 4.386849451787839e-11, 1.64199295549722e-16]
[0.9474065091141411, 0.8377055948310884, 0.6810005752658335, 0.5377775894404452, 0.43586824273106844]
[0.9704613997157489, 0.8200571221067875, 0.32469903093894603, 0.03321096088864997, 0.0015784083175089914]
[44, 118, 285, 515, 657]
