qaoa-regular3
[6, 10, 20, 30, 40, 50, 60, 80, 100]
[35.08811950683594, 36.45704627037048, 40.42083811759949, 41.3329381942749, 41.50048589706421, 41.49104166030884, 44.61752104759216, 45.37597918510437, 45.64280581474304]
[109.14432859420776, 111.3463134765625, 123.42846369743347, 128.32911777496338, 144.70236587524414, 142.3020260334015, 140.6418559551239, 145.90642666816711, 167.22240352630615]

qaoa-regular4
[6, 10, 20, 30, 40, 50, 60, 80]
[54.68032741546631, 57.56053376197815, 63.42285370826721, 65.32604718208313, 66.07276678085327, 63.339195013046265, 68.89148330688477, 72.17316031455994]
[204.7461154460907, 202.37471342086792, 251.68111777305603, 256.87887501716614, 266.53438329696655, 253.94154453277588, 278.1773407459259, 291.6750981807709]

qaoa-random
[5, 10, 20, 30 ,50]
[26.521256923675537, 62.08862590789795, 136.0301959514618, 193.2761344909668, 321.8531582355499]
[55.12791848182678, 284.6272523403168, 960.3723695278168, 1791.6561465263367, 5160.224685430527]

qft
[18, 29]
[347.47291326522827, 511.9654104709625]
[10917.785356760025, 24115.998264312744]

qsim-rand-0.3
[10, 20, 40]
[76.00790429115295, 107.03288984298706, 127.94948983192444]
[760.1906001567841, 5740.759263753891, 8283.449544906616]

vqe
[10, 20, 30, 50]
[25.303802967071533, 28.85324764251709, 29.680115699768066, 29.86193871498108]
[47.2040753364563, 53.80761647224426, 57.62248682975769, 56.577147006988525]

bv
[14, 50, 70]
[28.788211345672607, 17.948790550231934, 20.297841548919678]
[669.4807164669037, 1710.914496421814, 4334.496465921402]
