[1, 2, 3, 4]
[10, 20, 30, 50]
[128, 128, 208, 304]
[720.9958128125099, 786.4037564225746, 1539.1526111274484, 2867.4673415254065]
[0.9364314216459578, 0.8761334432395468, 0.8065188329788099, 0.6663509071185099]
[1, 1, 1, 1]
[0.9558895783575596, 0.9091562615825302, 0.8647077305675338, 0.7822236754458712]
[0.9950062500000001, 0.9950062500000001, 0.9950062500000001, 0.9950062500000001]
[0.9900448802097482, 0.9801888648295348, 0.970430967263086, 0.9512056281970317]
[0.9944605516905521, 0.9880891965239892, 0.9659501536567894, 0.9000607362938735]
[8, 8, 13, 19]
[10, 20, 30, 50]
[64, 80, 96, 160]
[388.62566257575446, 512.535298205344, 804.4978835526015, 1584.9687358526783]
[0.9386097386443158, 0.8789649279662602, 0.8189918507972304, 0.6955049655871358]
[1, 1, 1, 1]
[0.9558895783575596, 0.9091562615825302, 0.8647077305675338, 0.7822236754458712]
[0.9950062500000001, 0.9950062500000001, 0.9950062500000001, 0.9950062500000001]
[0.9900448802097482, 0.9801888648295347, 0.970430967263086, 0.9512056281970316]
[0.9967738554454991, 0.9912824994279892, 0.9808888171890069, 0.9394400228693166]
[4, 5, 6, 10]
[10, 20, 30, 50]
[32, 64, 80, 112]
[194.3128312878772, 423.05548384544284, 630.6683835018416, 1125.097683854446]
[0.9399270062773387, 0.8802024702481999, 0.8215826888426027, 0.7062603910000445]
[1, 1, 1, 1]
[0.9558895783575596, 0.9091562615825302, 0.8647077305675338, 0.7822236754458712]
[0.9950062500000001, 0.9950062500000001, 0.9950062500000001, 0.9950062500000001]
[0.9900448802097483, 0.9801888648295348, 0.9704309672630858, 0.9512056281970316]
[0.9981727520083221, 0.9926781796961739, 0.9839918078517098, 0.9539677079266654]
[2, 4, 5, 7]
[10, 20, 30, 50]
[32, 48, 64, 96]
[200.6717041884151, 334.15646668279805, 506.19710883252424, 1029.2745173029841]
[0.9397868853286584, 0.8810587253377551, 0.8231043228534076, 0.707765903956488]
[1, 1, 1, 1]
[0.9558895783575596, 0.9091562615825302, 0.8647077305675338, 0.7822236754458712]
[0.9950062500000001, 0.9950062500000001, 0.9950062500000001, 0.9950062500000001]
[0.9900448802097482, 0.9801888648295347, 0.9704309672630858, 0.9512056281970314]
[0.9980239479926655, 0.9936438504053411, 0.9858142359791694, 0.9560012507426213]
[2, 3, 4, 6]
