[10, 20, 30, 50]
[112, 160, 208, 304]
[690.8367863663624, 980.7165877104519, 1480.0277455020155, 2642.2632839950875]
[0.9367197867986895, 0.8734919127421553, 0.8074741878205127, 0.6713821381872004]
[1, 1, 1, 1]
[0.9558895783575596, 0.9091562615825302, 0.8647077305675338, 0.7822236754458712]
[0.9950062500000001, 0.9950062500000001, 0.9950062500000001, 0.9950062500000001]
[0.9900448802097482, 0.9801888648295346, 0.9704309672630859, 0.9512056281970316]
[0.9947667863621417, 0.9851101209426371, 0.9670943614773698, 0.9068565753807181]
[7, 10, 13, 19]
[450, 885, 1185, 2175]
[1551.6186879864242, 3086.0593457369837, 4251.175630621781, 8021.500502582888]
[0.912829817430843, 0.8100091650771082, 0.7071928875738388, 0.4779502736198001]
[1, 1, 1, 1]
[0.9558895783575596, 0.9091562615825302, 0.8647077305675338, 0.7822236754458712]
[0.9950062500000001, 0.9950062500000001, 0.9950062500000001, 0.9950062500000001]
[0.9723747443770957, 0.9436225637280607, 0.9157205572498951, 0.8623672548254333]
[0.9870124073257278, 0.9489149148934373, 0.8975936468232469, 0.7120880405005913]
[42, 87, 117, 208]
