[10, 20, 30, 50]
[176, 256, 272, 432]
[1611.9757608921295, 2416.9302629703116, 2709.714885090432, 4922.369137314524]
[0.9319637003770518, 0.8575440022006514, 0.7910251625943483, 0.6313060629932482]
[1, 1, 1, 1]
[0.9558895783575596, 0.9091562615825302, 0.8647077305675338, 0.7822236754458712]
[1.0, 1.0, 1.0, 1.0]
[0.9841194418156403, 0.9694605362958227, 0.9550199818235598, 0.926780964716612]
[0.9907029558609446, 0.9729437768638939, 0.9578742502875869, 0.8708270253961985]
[11, 16, 17, 27]
[80, 160, 192, 352]
[490.5515055325046, 1016.1136295319541, 1313.0940563092825, 3359.677298854926]
[0.9381721352210821, 0.8730794422127851, 0.8104370111081934, 0.6544323401402534]
[1, 1, 1, 1]
[0.9558895783575596, 0.9091562615825302, 0.8647077305675338, 0.7822236754458712]
[0.9950062500000001, 0.9950062500000001, 0.9950062500000001, 0.9950062500000001]
[0.9900448802097482, 0.9801888648295347, 0.9704309672630859, 0.9512056281970316]
[0.9963091344508471, 0.984644943318041, 0.9706428708152395, 0.883961960025367]
[5, 10, 12, 22]
